8.501000000000000512e+01 7.700000000000000000e+01
8.501000000000000512e+01 7.600000000000000000e+01
8.501000000000000512e+01 7.500000000000000000e+01
8.501000000000000512e+01 7.400000000000000000e+01
8.500000000000000000e+01 7.398999999999999488e+01
8.401000000000000512e+01 7.300000000000000000e+01
8.401000000000000512e+01 7.200000000000000000e+01
8.401000000000000512e+01 7.100000000000000000e+01
8.401000000000000512e+01 7.000000000000000000e+01
8.401000000000000512e+01 6.900000000000000000e+01
8.400000000000000000e+01 6.898999999999999488e+01
8.301000000000000512e+01 6.800000000000000000e+01
8.300000000000000000e+01 6.798999999999999488e+01
8.201000000000000512e+01 6.700000000000000000e+01
8.200000000000000000e+01 6.698999999999999488e+01
8.101000000000000512e+01 6.600000000000000000e+01
8.100000000000000000e+01 6.598999999999999488e+01
8.001000000000000512e+01 6.500000000000000000e+01
8.000000000000000000e+01 6.498999999999999488e+01
7.901000000000000512e+01 6.400000000000000000e+01
7.900000000000000000e+01 6.399000000000000199e+01
7.800000000000000000e+01 6.399000000000000199e+01
7.701000000000000512e+01 6.300000000000000000e+01
7.700000000000000000e+01 6.299000000000000199e+01
7.600000000000000000e+01 6.299000000000000199e+01
7.500000000000000000e+01 6.299000000000000199e+01
7.400000000000000000e+01 6.299000000000000199e+01
7.300000000000000000e+01 6.299000000000000199e+01
7.201000000000000512e+01 6.200000000000000000e+01
7.200000000000000000e+01 6.199000000000000199e+01
7.100000000000000000e+01 6.199000000000000199e+01
7.000000000000000000e+01 6.199000000000000199e+01
6.900000000000000000e+01 6.199000000000000199e+01
6.800000000000000000e+01 6.199000000000000199e+01
6.700000000000000000e+01 6.199000000000000199e+01
6.601000000000000512e+01 6.100000000000000000e+01
6.600000000000000000e+01 6.099000000000000199e+01
6.500000000000000000e+01 6.099000000000000199e+01
6.400000000000000000e+01 6.099000000000000199e+01
6.300000000000000000e+01 6.099000000000000199e+01
6.200000000000000000e+01 6.099000000000000199e+01
6.100999999999999801e+01 6.000000000000000000e+01
6.100000000000000000e+01 5.999000000000000199e+01
6.000000000000000000e+01 5.999000000000000199e+01
5.999000000000000199e+01 6.000000000000000000e+01
5.900000000000000000e+01 6.099000000000000199e+01
5.800000000000000000e+01 6.099000000000000199e+01
5.799000000000000199e+01 6.100000000000000000e+01
5.700000000000000000e+01 6.199000000000000199e+01
5.699000000000000199e+01 6.200000000000000000e+01
5.600000000000000000e+01 6.299000000000000199e+01
5.500000000000000000e+01 6.299000000000000199e+01
5.499000000000000199e+01 6.300000000000000000e+01
5.400000000000000000e+01 6.399000000000000199e+01
5.399000000000000199e+01 6.400000000000000000e+01
5.399000000000000199e+01 6.500000000000000000e+01
5.300000000000000000e+01 6.598999999999999488e+01
5.299000000000000199e+01 6.600000000000000000e+01
5.200000000000000000e+01 6.698999999999999488e+01
5.199000000000000199e+01 6.700000000000000000e+01
5.100000000000000000e+01 6.798999999999999488e+01
5.099000000000000199e+01 6.800000000000000000e+01
5.000000000000000000e+01 6.898999999999999488e+01
4.999000000000000199e+01 6.900000000000000000e+01
4.999000000000000199e+01 7.000000000000000000e+01
4.999000000000000199e+01 7.100000000000000000e+01
4.900000000000000000e+01 7.198999999999999488e+01
4.899000000000000199e+01 7.200000000000000000e+01
4.899000000000000199e+01 7.300000000000000000e+01
4.899000000000000199e+01 7.400000000000000000e+01
4.900000000000000000e+01 7.401000000000000512e+01
4.999000000000000199e+01 7.500000000000000000e+01
5.000000000000000000e+01 7.501000000000000512e+01
5.099000000000000199e+01 7.600000000000000000e+01
5.099000000000000199e+01 7.700000000000000000e+01
5.099000000000000199e+01 7.800000000000000000e+01
5.100000000000000000e+01 7.801000000000000512e+01
5.199000000000000199e+01 7.900000000000000000e+01
5.199000000000000199e+01 8.000000000000000000e+01
5.200000000000000000e+01 8.001000000000000512e+01
5.299000000000000199e+01 8.100000000000000000e+01
5.300000000000000000e+01 8.101000000000000512e+01
5.400000000000000000e+01 8.101000000000000512e+01
5.499000000000000199e+01 8.200000000000000000e+01
5.500000000000000000e+01 8.201000000000000512e+01
5.600000000000000000e+01 8.201000000000000512e+01
5.700000000000000000e+01 8.201000000000000512e+01
5.800000000000000000e+01 8.201000000000000512e+01
5.900000000000000000e+01 8.201000000000000512e+01
5.999000000000000199e+01 8.300000000000000000e+01
6.000000000000000000e+01 8.301000000000000512e+01
6.100000000000000000e+01 8.301000000000000512e+01
6.200000000000000000e+01 8.301000000000000512e+01
6.300000000000000000e+01 8.301000000000000512e+01
6.400000000000000000e+01 8.301000000000000512e+01
6.500000000000000000e+01 8.301000000000000512e+01
6.600000000000000000e+01 8.301000000000000512e+01
6.698999999999999488e+01 8.400000000000000000e+01
6.700000000000000000e+01 8.401000000000000512e+01
6.800000000000000000e+01 8.401000000000000512e+01
6.900000000000000000e+01 8.401000000000000512e+01
6.998999999999999488e+01 8.500000000000000000e+01
7.000000000000000000e+01 8.501000000000000512e+01
7.100000000000000000e+01 8.501000000000000512e+01
7.200000000000000000e+01 8.501000000000000512e+01
7.300000000000000000e+01 8.501000000000000512e+01
7.398999999999999488e+01 8.600000000000000000e+01
7.400000000000000000e+01 8.601000000000000512e+01
7.500000000000000000e+01 8.601000000000000512e+01
7.600000000000000000e+01 8.601000000000000512e+01
7.698999999999999488e+01 8.700000000000000000e+01
7.700000000000000000e+01 8.701000000000000512e+01
7.701000000000000512e+01 8.700000000000000000e+01
7.800000000000000000e+01 8.601000000000000512e+01
7.900000000000000000e+01 8.601000000000000512e+01
7.901000000000000512e+01 8.600000000000000000e+01
8.000000000000000000e+01 8.501000000000000512e+01
8.001000000000000512e+01 8.500000000000000000e+01
8.100000000000000000e+01 8.401000000000000512e+01
8.200000000000000000e+01 8.401000000000000512e+01
8.201000000000000512e+01 8.400000000000000000e+01
8.201000000000000512e+01 8.300000000000000000e+01
8.300000000000000000e+01 8.201000000000000512e+01
8.301000000000000512e+01 8.200000000000000000e+01
8.400000000000000000e+01 8.101000000000000512e+01
8.401000000000000512e+01 8.100000000000000000e+01
8.401000000000000512e+01 8.000000000000000000e+01
8.401000000000000512e+01 7.900000000000000000e+01
8.401000000000000512e+01 7.800000000000000000e+01
8.500000000000000000e+01 7.701000000000000512e+01
8.501000000000000512e+01 7.700000000000000000e+01
